1,0.0513393154240636,0.0483296502944467,0.153072183980579,0.0294542129096421,0.0899336438557237,0.066766118397474,0.197412176902323,0.175210533128249,0.250342674868569,0.205939001519548,0.126915231534164,0.135814524907049,0.188958072855546,0.0976661343024551,0.119737584055616,0.105073957911908,0.0683314316402837,0.127880457576261,0.155666769657314,0.115129686786201,0.134617772113437,0.181706495061242,0.286351342311343,0.128582338811327,0.0918022076234311,0.0864977382510803,0.0687527829066545,0.374504985979036,0.0970404531582623,0.120901647874658,0.120567541171207,0.23221960785894,0.183998975506002,0.169911028278924,0.0878311649814092,0.0583627454078518,0.0388763133534178,0.0373501943541144,0.0879070247901012,0.084125450948955,0.186675557190312,0.288952796289676,0.16473375017337,0.0943349932195052,0.0736412056471927,0.0321601456213596,0.0507824433035086,0.142901871022146,0.258241350583477,0.130451657050673,0.179592469619492,0.267999280343567,0.25186302103061,0.134749656254345,0.201721206768155,0.136098052826482,0.14725176629474,0.0943055900547681,0.230251913147697,0.218294386381346,0.0790411718536204,0.0941155705667559,0.134356704901492,0.191043993482069,0.192859790994371,0.219811508557368,0.149577944426881,0.135720022879512,0.0790708113997563,0.202621172328073,0.140866733323936,0.0713794903661726,0.215911109900884,0.150946915506649,0.106566747115005,0.168056313949489,0.201706769265631,0.132978539500076,0.218562236692236,0.152240589870043,0.219391477913181,0.122115660494045,0.0560163909796371,0.134344484215294,0.132550380104797,0.285075667216949,0.221642880315568,0.38339177544294,0.113397242394864,0.192540477853331,0.107723795728731,0.215112059305393,0.360330038343149,0.236757090700202,0.200449275365625,0.196837929885056,0.0511832819706248,0.134636101775426,0.10294355361362,0.351677501290151,0.174272021552595,0.122884767944889,0.190233375317928,0.209697216326837,0.109670212388638,0.192010829908818,0.182843116581608,0.156039614585033,0.232245016313172,0.225319949134478,0.151607167481651,0.129879566725576,0.149155649299277,0.202716592825018,0.184299399238736,0.181901732686654,0.156064988373762,0.301951971461044,0.146663310254847,0.235105210065892
0.0513393154240636,1,0.0340372031096069,0.0769131373429654,0.0988593802741783,0.103056203983314,0.142361779380765,0.208329317941718,0.273297462585709,0.176364998897585,0.129082268185022,0.204104675271478,0.145834225079462,0.112058561151329,0.212501872388595,0.175962056970274,0.146403512608085,0.127032870735211,0.168194908210465,0.135944206739462,0.114420164007446,0.232450630102904,0.0894764504782932,0.103814342164054,0.289216089516802,0.130408986514169,0.0852922603238263,0.0655682624298417,0.193046206188788,0.220426312086576,0.154639313395519,0.239081416639157,0.153590241186293,0.0804903063500962,0.217644231765166,0.118453653797307,0.0875409981735618,0.0712588509898702,0.0973468074196044,0.0804151949393681,0.0152465580779749,0.195398963117077,0.297936120474475,0.24214673683949,0.206738851423846,0.0896624765324263,0.0946798460580285,0.110713038338926,0.108140403539051,0.129298111661993,0.244241973918255,0.125879207302021,0.235668628312489,0.243592604598194,0.143222833734287,0.179430633572841,0.0956616959427297,0.103926685122869,0.159835659961365,0.169321325018388,0.271684364806804,0.0618700613230033,0.175225917471575,0.151605898072367,0.253175943468289,0.194775693117487,0.17298244750733,0.304160459399169,0.185280665586027,0.0988034308382387,0.162129798659148,0.124083138103542,0.0983526603966225,0.251907092891566,0.104945714082548,0.155502829067403,0.138703000301282,0.137316889712483,0.182012654166605,0.206639608718967,0.209435539442501,0.121360571644501,0.193538030484968,0.123116344158721,0.118607908781302,0.208300340829079,0.115820935760582,0.223921294090446,0.321085961618279,0.242180975216472,0.289726887967711,0.212485215307241,0.206042041275546,0.359273013224864,0.177929627666231,0.200798017786638,0.242992939366917,0.113570179368581,0.129377574248057,0.175622853202949,0.187093433222637,0.127922709376042,0.128223652224492,0.298240516653256,0.227049749378209,0.201652917449421,0.182286193484572,0.180034442989129,0.267914835515017,0.209244790655528,0.181191796186484,0.299628989342782,0.271180892537797,0.162657658724668,0.234061114561475,0.257045201222008,0.2031106977344,0.121760335722251,0.206483740301955,0.211127171543099,0.222978928797422
0.0483296502944467,0.0340372031096069,1,0.0851773448276657,0.141772960381992,0.148450633339969,0.137113570731665,0.156021151023733,0.232198239866388,0.178137006589348,0.297249406535866,0.226755365971136,0.182658901024352,0.169575721173138,0.132486333138375,0.083569591266718,0.125733959538242,0.0662365468829101,0.146938447908957,0.0513821406195173,0.165396837658718,0.140543343093639,0.0674199110420616,0.148546538323171,0.314378498642519,0.106403922267568,0.142779589110198,0.253520470636543,0.162516121434392,0.127938447398068,0.346034826174216,0.135180784153972,0.125682964164212,0.171738186350745,0.156727144985212,0.102299886453764,0.0454911646158924,0.0999669159334232,0.105014339780174,0.157126305321321,0.114494828018785,0.267879129862395,0.261345623372039,0.201785002562344,0.121711322958552,0.0551683277302511,0.054913276734663,0.0871952707534653,0.196846940106912,0.142727607595657,0.294297894126582,0.132995985604336,0.239413678764264,0.210384941825025,0.123312846469089,0.200834167274321,0.181111389055444,0.116357201470632,0.134534134099132,0.13801195113244,0.198793506043825,0.0312001557215282,0.181257827121236,0.193654880295919,0.231468516383675,0.12054398395899,0.242505965881419,0.16707154429341,0.168366813217749,0.134102317669024,0.143056690414676,0.0765277819842816,0.139445566627346,0.282997214894668,0.139254532465387,0.192027951586359,0.218409989123619,0.14617382437452,0.23976857102012,0.243996345208356,0.227649825649936,0.127571336048575,0.164259580760439,0.103781964900957,0.159543058675693,0.202353225075958,0.0903856557999259,0.338861061737886,0.310967043121506,0.188687294077175,0.136589245200795,0.220223140412594,0.201095822517709,0.238097944779324,0.233244303773023,0.185682242684567,0.171952142443305,0.153580482645144,0.149119801102175,0.179654070929598,0.144352480596003,0.127334146893011,0.191302861176757,0.213787627186886,0.100290046793816,0.165370506717429,0.144345602292451,0.128728524043475,0.0418393791850663,0.253429853626975,0.248954156793439,0.16102697824458,0.228698568251265,0.237480730608321,0.18298409370869,0.167217280011155,0.155008878709634,0.159602248023475,0.338420171569144,0.358310223265413,0.272272959636463
0.153072183980579,0.0769131373429654,0.0851773448276657,1,0.0990187003537137,0.0534431585359595,0.082726511264096,0.177253214048953,0.337919427874553,0.181798448626026,0.156952595260843,0.148209244570871,0.102829188631887,0.174877591097294,0.105332793701886,0.0764273967209338,0.0714762761685904,0.15279237852766,0.15320753987464,0.103382655026761,0.118352333486687,0.0474378933424757,0.122566745599214,0.215235180520267,0.226613953086347,0.134515116942283,0.0148793453988392,0.0485528003460863,0.127054408375992,0.10604843758764,0.101218632297968,0.152893794986072,0.0976760832705737,0.0821044629007543,0.110497571440392,0.142169592707549,0.146097032635746,0.151471742140504,0.0860032492027388,0.0615029030198486,0.0702782157030922,0.207538916653128,0.225044526983777,0.247356035164686,0.208600913772351,0.121852363539962,0.0809364625441025,0.165198632102771,0.0956889653482647,0.160132118780691,0.28954161391149,0.209488787979278,0.200461674427853,0.200414042743145,0.211283195589312,0.201500084235426,0.0708821955497945,0.176564841853229,0.183980561044152,0.116456952750087,0.116597697589965,0.0130731097078441,0.121280742653563,0.16517177634376,0.385938177805026,0.187477130312277,0.134881839040084,0.191250947936762,0.167505017254749,0.116547742507059,0.0779936238429826,0.0927080965694254,0.140793400056473,0.13483951886142,0.236384704211165,0.176900244643501,0.104261870171351,0.189579021909607,0.198913927523656,0.170409086637813,0.207693498948416,0.237425357773554,0.188675546029103,0.103473598960593,0.228358446614106,0.1377053280012,0.159262835047229,0.292302543009412,0.336567809748692,0.220746631480967,0.235686399865107,0.18304158892543,0.182582277748463,0.268969264727073,0.251036193375616,0.140733883204201,0.141648307226135,0.123840409923275,0.16965534281898,0.149231369549104,0.411143437725228,0.142910176938181,0.095234715238373,0.216762547307303,0.18984349846687,0.0717660622435284,0.155071483285255,0.129334944170669,0.183561138211148,0.224713898799241,0.100633302265293,0.131674882903207,0.126248448645242,0.194026045520937,0.138966683867607,0.140106377488393,0.171310864644127,0.155579476243051,0.180721734800798,0.169170425019563,0.237958933893634
0.0294542129096421,0.0988593802741783,0.141772960381992,0.0990187003537137,1,0.0188278023591705,0.070345118492491,0.168796055257536,0.182287459420638,0.196979412303918,0.0677554827645225,0.17211244229081,0.143534902105947,0.11230983009429,0.0858824616108101,0.0501962965700531,0.0499320800978635,0.0523750070850885,0.121959329532891,0.0852287688925613,0.150177697667501,0.122739247057533,0.0401343346315536,0.0585431755139142,0.128401964351842,0.147652423930267,0.0961738317189918,0.103358996758969,0.206798327773703,0.161987549275088,0.227247958752813,0.201024646251158,0.0879118457568166,0.131930321576697,0.210180294055295,0.0607244758667363,0.118047085012597,0.179575244238223,0.0645335299541385,0.128098698478604,0.182759812424082,0.238867054536125,0.152814758859242,0.165545536950036,0.0973854629604177,0.149443893721974,0.145548486252229,0.115035452509678,0.259549896159475,0.260548969901673,0.311460745314121,0.318754218387202,0.197704849187141,0.161338878402115,0.195533029264157,0.138719857896957,0.228105774121386,0.228711981321899,0.179597862380171,0.169674866457065,0.308183026394627,0.0219557660470845,0.117310153663237,0.185678585198503,0.233204170900994,0.208561889928745,0.230281802322784,0.125025652230034,0.113835177807526,0.0565334516421838,0.0950528057865329,0.076756250562029,0.183210938831614,0.214167559143379,0.217963592464744,0.12643646464637,0.127633629271546,0.163718628907995,0.0833811786199414,0.146470896344587,0.153390135637974,0.295515650350844,0.171513488953196,0.13289630658781,0.171639674124425,0.0925225479172264,0.206099151920837,0.275670820203526,0.289480540622885,0.152988759139979,0.246504481865769,0.178250717862881,0.138456583352196,0.270815396552574,0.291054102204828,0.191834281024291,0.0780663182739613,0.197368762860745,0.175577129781913,0.0684117623066625,0.322372145444477,0.19187377953441,0.171724097775792,0.146490285255288,0.19487302499205,0.0840054381088223,0.149395975238288,0.239173505826212,0.211399698416516,0.196595313522683,0.290015252265168,0.282765388037538,0.190078027696868,0.155315444893695,0.243949593175879,0.212752437307696,0.278360554095997,0.131344368173373,0.222696043816455,0.210406782573499,0.233636951206633
0.0899336438557237,0.103056203983314,0.148450633339969,0.0534431585359595,0.0188278023591705,1,0.060832220360226,0.174469844281279,0.220786194157124,0.344557094488997,0.101857226576136,0.112967530351369,0.093811458143398,0.143621434864607,0.143142384571907,0.0563064031816354,0.026163943240977,0.000182027551577212,0.00967630203554415,0.106944594633404,0.087758637863229,0.0815181977033857,0.0846659441081057,0.0921348854541162,0.195924115968916,0.21924037753898,0.1180169423537,0.137928678477969,0.191943209599379,0.176521158732,0.152841984829222,0.260226079492642,0.0960853424120238,0.163586818848031,0.277279301463771,0.105394306499661,0.184622490234268,0.124994476510144,0.133356304955748,0.0914917449159776,0.12779954679023,0.228136301260322,0.297858447203766,0.204093950666911,0.17177563565325,0.104787605016637,0.0320114783181763,0.070843294416267,0.238019412832061,0.154752402555899,0.234604012496203,0.138073905536982,0.197609932459637,0.231739734208251,0.146049953763414,0.133409802475541,0.101999290972054,0.162398760086815,0.168063954412386,0.154713373152384,0.126488816594715,0.0711686947826217,0.145906040635729,0.074916698349077,0.160106522067775,0.252824954645577,0.185224482262997,0.196688786014966,0.283495746739567,0.185917709795132,0.0990156794109507,0.0535333993697777,0.155183887899788,0.142903643226211,0.0907434883871152,0.213400879513797,0.204571627749701,0.110342052857517,0.112144797994945,0.161555032092581,0.152123485497133,0.208436201904386,0.119840199878966,0.135363926155577,0.210512709174129,0.241659856635774,0.162910576756157,0.29542193597766,0.303002544484144,0.223406179931608,0.292138103493884,0.155863432393147,0.19875952285321,0.213903067584281,0.15660331066686,0.1663985813619,0.0900281027309879,0.158484786735851,0.236595752849783,0.200921249521023,0.231783470589412,0.248688414985885,0.28425161371247,0.260257169827144,0.0405347639901498,0.161367028321816,0.236462825636656,0.232346088447053,0.223325108624335,0.194103657955496,0.144323872109646,0.103095398837764,0.121165904017191,0.110121239325831,0.168238059370763,0.119893702544049,0.278444225644104,0.21726864144851,0.236462269976805,0.219837560234055,0.27278158950147
0.066766118397474,0.142361779380765,0.137113570731665,0.082726511264096,0.070345118492491,0.060832220360226,1,0.265264515070324,0.241080505056313,0.256571391261883,0.122380850402304,0.201191218494664,0.155584240497105,0.0624565556097307,0.040107672031612,0.0696228396714288,0.0435987806296917,0.0335317683604357,0.102643905188402,0.0557097609624021,0.195487810395078,0.0793762926483949,0.0348571415195379,0.0365506208478243,0.280922529544444,0.111179915475863,0.0649705571578379,0.205286258297686,0.0910553666620255,0.13676637787012,0.130750045156521,0.136903419891076,0.141480484782293,0.14006105273517,0.233600426350648,0.0839754734960029,0.0806589269446581,0.123955503286331,0.0563376591212059,0.083745849724042,0.0979558716616553,0.281194169532602,0.363382390308878,0.164251047020642,0.0877873638136399,0.152119523113877,0.0649442526340803,0.0725661509213405,0.238078344645425,0.141025795846265,0.0772515102157266,0.180924213628464,0.165976672021271,0.258516099932625,0.15801257670971,0.113279488032097,0.083902121534919,0.118355584939004,0.146840495646114,0.109484234127471,0.0420577161774904,0.0203461716092987,0.128346195760241,0.141344782291921,0.217999407467374,0.152343857964605,0.142343483447872,0.127928826627878,0.142443829508198,0.100239513121147,0.0922764265852286,0.0590579693397328,0.0587739884491872,0.24410165162591,0.0961350877325007,0.149324717341818,0.158130698185374,0.152730593826404,0.220437815800304,0.21979533567274,0.165142012711526,0.261467331715898,0.0857584684314624,0.162898826282298,0.177417254997558,0.18196235446166,0.176315148548374,0.240128747039783,0.343795121524708,0.133443768792174,0.210513790360693,0.0928360333415054,0.181216301046838,0.171123818061978,0.274259680517979,0.0512089908783134,0.166030861674885,0.134913608935808,0.204696226345236,0.175034848536895,0.264791200978984,0.128109896383545,0.223848581806154,0.204404488567701,0.184565493075652,0.162005067139105,0.134808823750991,0.14082189262672,0.0503621514345558,0.18007457354202,0.219454971045764,0.149272854707912,0.19933215949262,0.157407185910527,0.193316631634307,0.188575510461105,0.120608626174998,0.181645989642948,0.238017406602793,0.32832217222351,0.181289486200873
0.197412176902323,0.208329317941718,0.156021151023733,0.177253214048953,0.168796055257536,0.174469844281279,0.265264515070324,1,0.155154972758459,0.247872893264263,0.227330720548393,0.162768028721814,0.126066252641538,0.158575939492061,0.228469471749719,0.267049553211977,0.137578388463504,0.163689978661587,0.191926204497828,0.261329485393617,0.140181433076531,0.25905445552455,0.2111157891978,0.207355577006451,0.255642506910145,0.216944317011779,0.191515298159876,0.137560162896375,0.212673946203228,0.159336047578739,0.19632616730607,0.272125770677894,0.18979925885364,0.187560618925224,0.115711322776092,0.167775155754053,0.127034386693774,0.157863737205172,0.163125485523282,0.134254151519646,0.141521111498903,0.193810198408087,0.257400902436077,0.34079316591746,0.0900694682258022,0.165648746891759,0.172566594998468,0.162810845689026,0.0702672598658915,0.0886838505421468,0.0674875164924748,0.201151147002854,0.271210720034989,0.20761669190233,0.133007653557244,0.238665564771901,0.2088799967434,0.125780027251398,0.135054053289724,0.141435858495203,0.176072897623293,0.218147665425283,0.280144528811452,0.106813110191223,0.266922189211705,0.102278039258739,0.197811084207006,0.175977170893419,0.131197608864292,0.172313593274661,0.212323476484582,0.102787096934566,0.253397250644669,0.221306559363159,0.231558057292037,0.26739148991488,0.21897243534661,0.194152578731109,0.194126532301104,0.295343191905468,0.219518416108169,0.335293403349427,0.23683977130876,0.217140968145447,0.124240787170141,0.15181633052297,0.253794062562415,0.299393716349957,0.300301144107101,0.107870132897562,0.110469823507214,0.178235658034801,0.213713703448999,0.28203959665503,0.267118503244283,0.162736474430941,0.307300803725997,0.1579447229349,0.146769876737303,0.259992695732848,0.189762842086908,0.220714222760744,0.125296620163637,0.0860436609731397,0.285034135724775,0.261213729064041,0.245380564769363,0.163370013772377,0.237824584162273,0.197893384244312,0.217795188761444,0.111928327821727,0.249728134747427,0.113909635818847,0.147654610182792,0.276191603713253,0.22105848853419,0.222951393569823,0.298505046470676,0.215658222332456,0.145146430976168
0.175210533128249,0.273297462585709,0.232198239866388,0.337919427874553,0.182287459420638,0.220786194157124,0.241080505056313,0.155154972758459,1,0.251186070129721,0.231328124646767,0.320312482273972,0.242198953967189,0.185228004710291,0.123764138384569,0.194062599406951,0.226086054813437,0.211256896034537,0.162768590142007,0.12268509699375,0.232560818639666,0.192248662724508,0.14856889246808,0.114224073582835,0.303715934501945,0.0910398879473946,0.239231577656852,0.268298579741344,0.191045907776595,0.0867111960360164,0.171895581853033,0.146380225915172,0.159402296986693,0.314225322765819,0.248927136877816,0.178527727887134,0.156833975674118,0.130214837688808,0.152216575707101,0.211341635062173,0.171745423555193,0.300511306164665,0.193916183339299,0.30529424674709,0.191239117677752,0.1845449199314,0.288911985629318,0.141856316739089,0.145816376268376,0.0688727738531728,0.116995318516559,0.212585753940772,0.201283483660931,0.18542135186266,0.223825165901328,0.111737271985147,0.103622591129347,0.139470622353609,0.324154697584045,0.19317513744613,0.24023516945796,0.346093642737732,0.199281936822059,0.136325894474382,0.231676801252316,0.170036108310868,0.153014857975935,0.177383125859147,0.275723041688141,0.273535187302132,0.239246993167107,0.172999498961226,0.14808128754754,0.181275915266561,0.144730153175269,0.225143392004881,0.260447754594062,0.118930098787228,0.0909591259778759,0.186471511044856,0.215981884346457,0.185356124101984,0.270048138456315,0.17822851394453,0.205041479285544,0.183725793271662,0.125958523805025,0.347144598787741,0.273730838346461,0.197306740263711,0.207095859496078,0.204191369659203,0.140521047171026,0.142781510283588,0.204102543444311,0.185546385789113,0.230493649795046,0.115361804134749,0.211991097187705,0.137785584341571,0.231372514724991,0.149171556808127,0.205377658789845,0.153111386512803,0.259205773256153,0.22973146395815,0.252111628721708,0.273314945325852,0.162679716229759,0.176569506946038,0.189845670853377,0.161388692158772,0.195248702086018,0.312809660841276,0.15010140254913,0.271056276049871,0.269786099764888,0.162159651113313,0.29493520303993,0.206101811034715,0.216887384470479
0.250342674868569,0.176364998897585,0.178137006589348,0.181798448626026,0.196979412303918,0.344557094488997,0.256571391261883,0.247872893264263,0.251186070129721,1,0.237668363736737,0.162390729945085,0.254209270862206,0.181294094967065,0.302567241302409,0.300967160187832,0.291009918828511,0.176947356612182,0.177364148604964,0.216367161470623,0.121510206654105,0.157505014070301,0.281965717277875,0.203584525121872,0.195481266503572,0.264595525814506,0.297011093772906,0.272487159789108,0.246080181768027,0.163331326854962,0.196872839394172,0.208127383931271,0.213566262078658,0.276802750290592,0.182059173764664,0.234126902733432,0.35133296171924,0.253225634081078,0.168365988793046,0.195304624172338,0.200589710336451,0.25119362413785,0.0994613106716174,0.234881819849883,0.161499327467055,0.216818779688333,0.171103901914759,0.154026068386389,0.237435335527995,0.173057636806834,0.0936808759125216,0.168333775002197,0.174106276321529,0.20952838584661,0.21701946489103,0.252593450509572,0.179555226673355,0.13968177379129,0.211614985072571,0.216821099431179,0.246089558373536,0.220611166849565,0.151043362141186,0.190281374993587,0.231468450177764,0.233481726873632,0.186846083532225,0.134816087187185,0.306549553897203,0.209067926617629,0.237899431815726,0.280473782542273,0.195413666097994,0.219732530612108,0.0811759863148077,0.155365622143461,0.164429641093888,0.215002583223071,0.150027637746609,0.279888263481687,0.297611702831176,0.207519733282146,0.281503760264473,0.163144174329177,0.183828241152758,0.244575924499137,0.186103810874695,0.237452047891116,0.192464694764163,0.14349425633424,0.105503953709115,0.0919042010429001,0.160949525997146,0.116568293892385,0.167196061803335,0.227240455073732,0.102085222543892,0.2396498413083,0.273385002470378,0.149724619682932,0.183099257131278,0.228155852156517,0.177066654558537,0.213511143949313,0.125177578677944,0.210212497173734,0.120776606901636,0.143293322546641,0.2217205859941,0.0514037720978974,0.19848631510615,0.19844263859403,0.189324956284423,0.257600051565807,0.178743959913232,0.32716140713253,0.262618627730026,0.256451803879743,0.230625573645662,0.181958502098482,0.262192768922744
0.205939001519548,0.129082268185022,0.297249406535866,0.156952595260843,0.0677554827645225,0.101857226576136,0.122380850402304,0.227330720548393,0.231328124646767,0.237668363736737,1,3.7863052780138e-14,0.0324618368957654,0.0808732701333598,0.0882507125119807,0.0633544348420583,0.0173789269825327,0.0776071315198772,0.108486869136067,0.0643578716740485,0.0939369132249555,0.103490269455704,0.0384226983205096,0.0152837503668969,0.180139617311997,0.188860852117204,0.178946059337958,0.133401487711412,0.0536334372407366,0.129957533769339,0.0561536578110105,0.166004474468379,0.146347452018473,0.19754956507537,0.205270763689574,0.189509686597013,0.254414502895976,0.0800295384246975,0.124335440940281,0.171830833704343,0.0713695039171765,0.309320218076684,0.249230361496403,0.239485546206208,0.166283200498767,0.10048679170575,0.138819033640473,0.173114314737063,0.250639769565045,0.279079232074995,0.16879472352827,0.197811458153245,0.376271283022178,0.302190790970228,0.0664391024486145,0.221322963993891,0.210925607658318,0.152130002925073,0.220553028198029,0.194377907421015,0.0190469373220643,0.101941929724142,0.178967986833636,0.0063771528958978,0.0928799193454901,0.0829696432535742,0.113895443627752,0.149004221693292,0.181363271464155,0.104073758797869,0.100943022101237,0.167300291535767,0.198037131865247,0.150895965899768,0.129137209978991,0.131504382992873,0.0845958308608227,0.141370784279989,0.141076018955839,0.124699279188741,0.293095059825632,0.33784717804675,0.197730531009432,0.249070323749275,0.160007820063974,0.23371980678043,0.122781405731915,0.263758871337097,0.292655363729752,0.17129756684153,0.195553735422636,0.210674895863035,0.219947532967976,0.229639889299649,0.221574228340207,0.188554221371451,0.174794516806945,0.199954778520783,0.317617188883981,0.122058934304257,0.236793178969961,0.185117347750345,0.202157247815682,0.0960121611866214,0.124564590503111,0.109927510352854,0.249531754087368,0.212193716412162,0.167254464022035,0.130325648319708,0.241801293031996,0.131072663539783,0.200923034469724,0.166053895741164,0.219813133398741,0.293203250325578,0.154634894373635,0.202757250987044,0.24317028883323,0.21345297945885,0.15672901253564
0.126915231534164,0.204104675271478,0.226755365971136,0.148209244570871,0.17211244229081,0.112967530351369,0.201191218494664,0.162768028721814,0.320312482273972,0.162390729945085,3.7863052780138e-14,1,0.0822779453209666,0.0474861380013579,0.0744570485491422,0.142858638324645,0.0833104397276189,0.105214052794089,0.176779831407602,0.129833743798373,0.143503685916485,0.201995679813177,0.0834118487366682,0.0913655717607793,0.276858213939453,0.219394177842607,0.211431844665213,0.21427768949606,0.093174576585442,0.0989226599287285,0.00510523494464908,0.156085915945712,0.133229102758444,0.179182911703361,0.160432607054854,0.152633429553912,0.240981126452279,0.235298290474677,0.128026360070543,0.21149780150942,0.177738856390285,0.176887315253641,0.226981681697781,0.21073026616808,0.205518007294723,0.154591798914981,0.158167539583227,0.139606957652852,0.128905810472478,0.187641053200475,0.173905949528695,0.212107423629707,0.283095103472608,0.166627328522131,0.132444513700032,0.125637108443001,0.0577556418295134,0.142559954001019,0.179199789773618,0.187286226259405,0.023526017462875,0.114290282449524,0.0780449253334563,0.00396151513673436,0.25057522200123,0.0598412945482804,0.135118815598211,0.083184105255347,0.116069259097301,0.0805394144771873,0.191003096274342,0.13428596260529,0.211814490860706,0.0878279914899287,0.135892886870808,0.145464077325554,0.162851338932786,0.267062113344405,0.0618631828779816,0.261132481866609,0.14277973477929,0.205359106188674,0.207906281957885,0.203866180970264,0.272106417810205,0.157407875759241,0.163608687571147,0.299092901965945,0.215785241969127,0.131068094333024,0.279620392873514,0.200394876218192,0.256391165831988,0.238070603606952,0.204432867500201,0.163904712265056,0.181950980130572,0.13230305426341,0.33225395544828,0.056510545297369,0.211440203584698,0.254813990283985,0.252463175700004,0.0814793941890316,0.15712525176648,0.198513549113767,0.24543545159146,0.228784761068728,0.178890259670572,0.20044758867913,0.190976416369982,0.252314016844496,0.27316646562612,0.128153922873125,0.225550017085904,0.224391479022759,0.204412669688952,0.174732960586646,0.271614064577008,0.268062854931181,0.344540297652535
0.135814524907049,0.145834225079462,0.182658901024352,0.102829188631887,0.143534902105947,0.093811458143398,0.155584240497105,0.126066252641538,0.242198953967189,0.254209270862206,0.0324618368957654,0.0822779453209666,1,0.0686463678119944,0.115140116318505,0.0217710510440546,0.0997201838865474,0.101674267299063,0.120744926337284,0.137416551409247,0.156393277754219,0.202106066850793,0.0400712058493179,0.0577017362538638,0.156617337455055,0.0683904841926907,0.185008715028087,0.183386681351492,0.109273405559101,0.199418296754479,0.0791618126090635,0.163996740732153,0.108513192050755,0.115000007763268,0.127019734617723,0.20254760978555,0.119301618265193,0.157746265639847,0.130093165574765,0.148421631784527,0.137631975509381,0.185627811656102,0.20355972493457,0.32740880019276,0.031374768145433,0.0628958236964223,0.107395978690258,0.155174784461309,0.0467681443660365,0.248409163535994,0.0582806255461864,0.157845809944387,0.197177036938685,0.242347639988129,0.135205981903265,0.15649787764718,0.169007024074016,0.0668642880734672,0.212452099313283,0.160530351583567,0.159541339075388,0.217467279166465,0.119769133626832,0.194496706283821,0.295016565250132,0.14746823188505,0.17933489671545,0.264727897015827,0.213865915866414,0.144693356442354,0.152939030818797,0.110959497094976,0.17240335930157,0.0694583134507332,0.114275879862929,0.144396987055581,0.085859474645251,0.157816205872931,0.0970400291977516,0.132069167160704,0.234640132415889,0.282428595039234,0.206516297634454,0.0901999165057132,0.147287849786154,0.108303253902519,0.159847949854409,0.235281736200098,0.313736844015256,0.115955063045133,0.27865306090208,0.0660678828434896,0.225415274580665,0.306418876639474,0.146185097195477,0.0677368819581639,0.14193561608177,0.14631737747862,0.138878431966269,0.0596558800933482,0.23738450992773,0.2396070667216,0.205566916005647,0.16731381920045,0.253507517613196,0.172357835866574,0.204039293326087,0.218632056416266,0.154156596762409,0.233955724506842,0.339566265786076,0.257851318488964,0.180553845812248,0.189722940476281,0.097107851446557,0.372626705904515,0.176039939828053,0.164826307304992,0.197465235759806,0.159829641394213,0.234355132333741
0.188958072855546,0.112058561151329,0.169575721173138,0.174877591097294,0.11230983009429,0.143621434864607,0.0624565556097307,0.158575939492061,0.185228004710291,0.181294094967065,0.0808732701333598,0.0474861380013579,0.0686463678119944,1,0.0509176169196442,0.018196572121808,0.110702985176119,0.144689039518453,0.0635504427705389,0.0867262609071728,0.134834399737427,0.13555776932745,0.0568561773230787,0.0236095078838381,0.250598689331134,0.105820273186888,0.125276175564375,0.0635842831554087,0.0406295454444625,0.147851064319128,0.187974488059996,0.0788398075044186,0.0738132369284926,0.138573242147791,0.153462010463144,0.134729506524742,0.111137560639368,0.176429157633954,0.139773136651352,0.0959814153659422,0.144445532571055,0.291107641323711,0.381124972884716,0.208839675273139,0.115427101832999,0.188277358921457,0.165023228127528,0.227292316694462,0.154657636695245,0.212381985475371,0.180119902294097,0.118493248579852,0.300923684233759,0.216897185673297,0.206868456175942,0.111373513624235,0.173094207211798,0.111733900304857,0.205269430370944,0.16395917004528,0.141165853121924,0.121393417464249,0.14169450177766,0.0960830374669317,0.223260073952569,0.0705601616509138,0.0802695366299087,0.118998173320158,0.264132326714132,0.119488264893797,0.143477932061017,0.157046989409516,0.2098967859055,0.131064172019218,0.111268700914907,0.127340196178093,0.111563413524243,0.083890742547603,0.0752160919475988,0.242359350470942,0.249711389586392,0.218926703932064,0.117481528053358,0.248863661955989,0.0597676097170769,0.185824820691029,0.200366808241668,0.155511405017408,0.254232716238005,0.219497106291904,0.117852949029405,0.13156902593427,0.238197253429401,0.27479571689223,0.217411686766551,0.12316858556386,0.128350160538746,0.166728698295833,0.180725398378958,0.108671014796147,0.192997592510688,0.0904916824816143,0.132357662405209,0.138918398196633,0.295824143706698,0.129695296165317,0.329030259277715,0.115121373930927,0.135504851259127,0.212223949683425,0.237378262526491,0.200441019973678,0.215688975025234,0.233213044351337,0.204348701971243,0.179828732089893,0.233933878363447,0.195856960484148,0.316730288098333,0.230003549689656,0.282097586762695
0.0976661343024551,0.212501872388595,0.132486333138375,0.105332793701886,0.0858824616108101,0.143142384571907,0.040107672031612,0.228469471749719,0.123764138384569,0.302567241302409,0.0882507125119807,0.0744570485491422,0.115140116318505,0.0509176169196442,1,0.103502698247779,0.142584777687268,0.0790939838141015,0.0546009951327621,0.104320881268604,0.119994718682533,0.0821509303925073,0.032922083184654,0.128813562536896,0.168420569336107,0.139619189529353,0.0615422809487766,0.186840980130942,0.0762214096693777,0.106471788882732,0.101443161979585,0.160731801684957,0.0404918369667318,0.190160756491693,0.0902513993675165,0.155756954751557,0.160897394505854,0.139808665002846,0.122685886677007,0.176625020948926,0.118073769983531,0.192640234104182,0.372524342191048,0.243250719964311,0.0971530339551204,0.114964537347242,0.0387942185119248,0.0866531464968298,0.158833161741858,0.266375908127341,0.122014262704548,0.108370407788804,0.291540379164184,0.21150885301192,0.101512131254521,0.117239096922437,0.059851460654336,0.0500758371433813,0.128107349088779,0.256541140068771,0.144980282635588,0.101930031469706,0.122046852900505,0.12204394701389,0.190003082892006,0.13589890069106,0.106303065321907,0.138171266701422,0.089210786482786,0.03444342265927,0.186476394024942,0.108222575125161,0.117720897157089,0.0899023564645787,0.107707240759183,0.103155741904278,0.136345583805426,0.0797113376215213,0.061472518373392,0.153789588253683,0.275938356750956,0.216570525452393,0.0982555618020892,0.147140883803392,0.258837088948283,0.109039829322526,0.0537314438063474,0.165966981513846,0.171053194639471,0.138873888006017,0.140861133601347,0.324276207818301,0.195699474306327,0.335724796089455,0.19182550649881,0.106515199373964,0.181423376226999,0.0685424757166195,0.220072241428433,0.15194917439427,0.176149213947211,0.187465597916006,0.291342083197334,0.184987712794251,0.0980570229934723,0.112152428440839,0.146584968244448,0.297022519875836,0.103531967437293,0.159883804848156,0.308235286303201,0.146055342636368,0.20973925166259,0.133043509505665,0.222524317811201,0.169062375734002,0.206981879061867,0.203980468802121,0.293326612276815,0.300162635683879,0.329309843553658
0.119737584055616,0.175962056970274,0.083569591266718,0.0764273967209338,0.0501962965700531,0.0563064031816354,0.0696228396714288,0.267049553211977,0.194062599406951,0.300967160187832,0.0633544348420583,0.142858638324645,0.0217710510440546,0.018196572121808,0.103502698247779,1,0.0585175951643642,0.133418732955671,0.0746127176589019,0.110192391518841,0.0720307642062666,0.0348589072641731,0.0361645564644759,0.0607417577932102,0.091766486108497,0.0653603058870996,0.0982316832704655,0.117833656306485,0.167717682472084,0.0951735773266704,0.224972500074287,0.157072627993568,0.0793722607134962,0.15248288239241,0.0957582902382702,0.235597285795918,0.108825737425179,0.244918039719002,0.112053157746875,0.127994152581376,0.132431755030127,0.201807933284052,0.233002627217677,0.267102268701609,0.280750770540997,0.0777697440998052,0.0503478667064265,0.130571172334555,0.263604616540907,0.195818882687238,0.233495019973991,0.136170541329326,0.331363664837475,0.289504871981085,0.165919136234071,0.0557301942821486,0.0683764643396503,0.182716643651819,0.249213048238883,0.111330239925586,0.100159222920368,0.0970699770113361,0.146460314272074,0.0837689816452832,0.214609181904221,0.147525462882207,0.101391605378024,0.0986343716499901,0.128947506258152,0.172633082977526,0.136955927841685,0.110312162647003,0.206573629875218,0.0798029479728592,0.0819654162532065,0.125611815080363,0.0886775583196547,0.101510544143629,0.195724217660482,0.136136170148332,0.307841469353928,0.159067054841336,0.107580342664478,0.119004311123705,0.151936605699084,0.164271974110344,0.0985730740996673,0.255663699459833,0.230302654097141,0.204116095169176,0.136720106715248,0.0554010398907031,0.103369897449453,0.330397127554259,0.234290081138132,0.0997673066001211,0.0678341505536084,0.137118424611137,0.237482679315029,0.0383615705385709,0.237416733290724,0.0615385606604664,0.105164652260192,0.201728894619182,0.128791906682929,0.0795284926909537,0.139643723690851,0.222902340067356,0.205471303266094,0.213069223973491,0.232976739194662,0.135006293285699,0.277268802502318,0.19270020497179,0.120190202522155,0.145468681228386,0.168687430268847,0.0814126298935075,0.27427875266794,0.241750547845009,0.201249236990073
0.105073957911908,0.146403512608085,0.125733959538242,0.0714762761685904,0.0499320800978635,0.026163943240977,0.0435987806296917,0.137578388463504,0.226086054813437,0.291009918828511,0.0173789269825327,0.0833104397276189,0.0997201838865474,0.110702985176119,0.142584777687268,0.0585175951643642,1,0.0510158170900349,0.0425205147127561,0.0617541313184846,0.0764213112691923,0.0999137755160396,0.0729125286007664,0.0404886279532926,0.143168491315117,0.143051523473283,0.0703533879816382,0.0680141154545984,0.0867221991943451,0.144967376879221,0.159473933602916,0.153699557038583,0.0389570152167575,0.102184886297885,0.166126827580485,0.159061620036043,0.251980985138435,0.157316100756493,0.0659124943084779,0.0717721753610303,0.180266471492161,0.141139062856504,0.252607671860562,0.255556753442123,0.135721313548486,0.147742347904138,0.0981633598702508,0.152078036960043,0.238207858026181,0.199197018526159,0.204301622801535,0.0856996847527125,0.235731154823479,0.287681780468409,0.170347939287043,0.102240059871771,0.133662255599934,0.163771743307355,0.177959897772105,0.179003888433274,0.220021917583622,0.0269600122692424,0.113901078115328,0.0440023167025999,0.224429176371903,0.0905872878356658,0.265456443466743,0.253333237809483,0.141110412809302,0.0701892180916684,0.128369033393475,0.0638498958573498,0.153658381111654,0.201725499001587,0.150710852919529,0.144904566683587,0.127187612669169,0.0692286151280679,0.0812955998821624,0.224049620236769,0.166958947153121,0.132964307090087,0.0587619838117388,0.126028524434895,0.154052230958596,0.106997392957929,0.291856898578533,0.275305729824355,0.26439215228423,0.111633009170845,0.205942500554731,0.146060431516743,0.193507769483477,0.191550534779558,0.197305478258282,0.0513979134515615,0.131075207774912,0.0859251011648553,0.170843767154342,0.159151920280411,0.167764945056065,0.172063933809273,0.268239872394863,0.140056795120264,0.134601217155028,0.156893631327967,0.16625093584256,0.155953309261623,0.165779208269356,0.170079066253278,0.188355362178748,0.166515093763779,0.0716011111516497,0.203650499769521,0.131427853700492,0.157962529863217,0.187935248185205,0.101025610030869,0.235516611976535,0.261397721665202,0.224591849839941
0.0683314316402837,0.127032870735211,0.0662365468829101,0.15279237852766,0.0523750070850885,0.000182027551577212,0.0335317683604357,0.163689978661587,0.211256896034537,0.176947356612182,0.0776071315198772,0.105214052794089,0.101674267299063,0.144689039518453,0.0790939838141015,0.133418732955671,0.0510158170900349,1,0.0768764760803916,0.0595822442986868,0.113442219352557,0.0742374661727477,0.0448752889719904,0.0822563280281078,0.178671527711033,0.0885139608533271,0.141442359731461,0.209579371494573,0.106506930776524,0.218627645806795,0.183676800137218,0.12084682229443,0.0947604810560198,0.101151896636744,0.186838183645892,0.140015639706054,0.134274502066241,0.143882512358473,0.0857542572840627,0.128890172622947,0.0239341706581264,0.272841663235963,0.319506905061353,0.191044856793796,0.089652119801863,0.0475579818816981,0.00918337500004045,0.121270807738653,0.193260959049715,0.193328602213282,0.0987551928321869,0.101040561739329,0.198983695204461,0.18608730213931,0.129058682566464,0.173092817416868,0.0922636517898279,0.108096130799316,0.184844236974804,0.0819273002514392,0.203015869400578,0.0100255231741346,0.154066609550509,0.0552051021077638,0.22565297910134,0.164091343345151,0.153593185790386,0.0973463792543475,0.15710413090415,0.038192731223446,0.0912289088177102,0.00949651162012557,0.0468696951406998,0.283127634074512,0.072458891767064,0.111267954233166,0.122552786310782,0.171528801145564,0.159923274265663,0.11975482346888,0.220252018415019,0.24986186217745,0.124332257790967,0.0917863024734856,0.224096279434576,0.127344139798745,0.179472609069862,0.227654327369425,0.315174926022696,0.166180250604843,0.20204391279394,0.114834070548322,0.171477026433158,0.176520110749834,0.196767460165201,0.139811172198947,0.0814979509605266,0.180303756214688,0.192765007462506,0.106161452398148,0.290156365355605,0.206808703854126,0.188361081036184,0.179672186814721,0.0603979782859735,0.097136034656129,0.178872015365587,0.104421233275677,0.178596327584302,0.117383353172431,0.137411684107509,0.132190255188463,0.105799992821942,0.139115224980858,0.167170558716038,0.135301519703326,0.261380016012664,0.206953121850429,0.168139686176937,0.231790968969099,0.171509008164481
